1 10 20
100 200 125
201 210 89
900 1000 174
1 50 112
50 100 119
100 300 128
10000 10010 180
500000 500100 258
23 50 112
1 1 1
999999 1000000 259
50000 55000 340
1000 2000 182
2000 3000 217
3000 4000 238
4000 5000 215
5000 6000 236
6000 7000 262
7000 8000 252
8000 9000 247
9000 10000 260
11000 11500 237
12000 12500 263
13000 13500 276
14000 14500 209
15000 15500 271
16000 16500 266
17000 17500 235
18000 18500 248
19000 19500 212
51000 51500 309
52000 52500 278
53000 53500 322
54000 54500 260
55000 55500 260
56000 56500 322
57000 57500 304
58000 58500 242
59000 59500 273
555100 555200 346
555200 555300 390
555300 555400 284
555400 555500 284
555500 555600 284
555600 555700 284
555700 555800 359
555800 555900 191
555900 556000 191
110 119 114
120 129 122
130 139 91
140 149 117
150 159 86
160 169 112
170 179 125
180 189 107
190 199 120
510 519 124
520 529 124
530 539 124
540 549 137
550 559 137
560 569 106
570 579 106
580 589 119
590 599 119
1100 1190 182
1200 1290 177
1300 1390 177
1400 1490 172
1500 1590 167
1600 1690 180
1700 1790 180
1800 1890 175
1900 1990 175
5100 5190 179
5200 5290 192
5300 5390 192
5400 5490 192
5500 5590 236
5600 5690 205
5700 5790 174
5800 5890 218
5900 5990 187
99160 99169 191
99170 99179 191
99180 99189 191
99190 99199 266
99510 99519 204
99520 99529 160
99530 99539 160
99540 99549 160
99550 99559 160
99560 99569 204
99570 99579 191
99580 99589 235
99590 99599 160
999110 999119 166
999120 999129 197
999130 999139 184
999140 999149 184
999150 999159 184
1 1000000 525
119 110 114
129 120 122
139 130 91
149 140 117
159 150 86
169 160 112
179 170 125
189 180 107
199 190 120
519 510 124
529 520 124
539 530 124
549 540 137
559 550 137
569 560 106
579 570 106
589 580 119
599 590 119
